{
  "advancedEditorSelectedIdentifier" : "ProjectBrowser",
  "openSceneRelativePaths" : [
    "Immersive.usda"
  ],
  "recentIdentifiers" : {

  },
  "sceneCameraHistory" : {
    "AF09ED6F-1707-48FD-8720-65B998362C09" : [
      {
        "date" : 718164461.10213006,
        "title" : "Untitled",
        "transform" : [
          0.7034868597984314,
          -4.2937695980072021e-05,
          -0.71070826053619385,
          0,
          -0.19870771467685699,
          0.96010726690292358,
          -0.19674664735794067,
          0,
          0.68236452341079712,
          0.27963188290596008,
          0.6754143238067627,
          0,
          2.1399750709533691,
          2.0487027168273926,
          -0.024434685707092285,
          1
        ]
      },
      {
        "date" : 718164456.09289896,
        "title" : "Untitled",
        "transform" : [
          0.37303298711776733,
          -4.2937695980072021e-05,
          -0.92781805992126465,
          0,
          -0.2002730518579483,
          0.97642195224761963,
          -0.080565772950649261,
          0,
          0.90594536066055298,
          0.21587064862251282,
          0.3642289936542511,
          0,
          2.5498371124267578,
          1.8809986114501953,
          -0.95998877286911011,
          1
        ]
      },
      {
        "date" : 718164433.82263505,
        "title" : "Untitled",
        "transform" : [
          0.40365272760391235,
          0.00075868511339649558,
          -0.91491186618804932,
          0,
          0.31417980790138245,
          0.93907439708709717,
          0.1393926590681076,
          0,
          0.85927611589431763,
          -0.34371310472488403,
          0.37882161140441895,
          0,
          3.4580192565917969,
          0.57826423645019531,
          -1.7700533866882324,
          1
        ]
      },
      {
        "date" : 718164412.21074498,
        "title" : "Untitled",
        "transform" : [
          0.58101475238800049,
          0,
          -0.81389302015304565,
          0,
          -0.10354882478713989,
          0.99187368154525757,
          -0.073920518159866333,
          0,
          0.80727905035018921,
          0.12722659111022949,
          0.5762932300567627,
          0,
          1.1502184867858887,
          0.80182516574859619,
          0.86528640985488892,
          1
        ]
      },
      {
        "date" : 718164377.16087794,
        "title" : "Untitled",
        "transform" : [
          0.99987483024597168,
          -2.9103830456733704e-11,
          -0.015818729996681213,
          0,
          0.00066823064116761088,
          0.99910736083984375,
          0.042237728834152222,
          0,
          0.015804596245288849,
          -0.042243011295795441,
          0.99898236989974976,
          0,
          -0.01137444656342268,
          0.54709774255752563,
          1.5540916919708252,
          1
        ]
      },
      {
        "date" : 718164355.64002895,
        "title" : "Untitled",
        "transform" : [
          0.99999994039535522,
          0,
          0,
          0,
          0,
          0.8660159707069397,
          -0.50001627206802368,
          0,
          0,
          0.50001627206802368,
          0.8660159707069397,
          0,
          0.21797105669975281,
          1.4639465808868408,
          0.81110990047454834,
          1
        ]
      },
      {
        "date" : 718164273.71841097,
        "title" : "Untitled",
        "transform" : [
          0.99999994039535522,
          0,
          0,
          0,
          0,
          0.8660159707069397,
          -0.50001627206802368,
          0,
          0,
          0.50001627206802368,
          0.8660159707069397,
          0,
          0.51928424835205078,
          3.6322693824768066,
          2.6765923500061035,
          1
        ]
      },
      {
        "date" : 718164269.36852503,
        "title" : "Untitled",
        "transform" : [
          0.99999994039535522,
          0,
          0,
          0,
          0,
          0.8660159707069397,
          -0.50001627206802368,
          0,
          0,
          0.50001627206802368,
          0.8660159707069397,
          0,
          1.2055127620697021,
          39.821372985839844,
          57.243549346923828,
          1
        ]
      },
      {
        "date" : 718163744.68549001,
        "title" : "Untitled",
        "transform" : [
          0.99999994039535522,
          0,
          0,
          0,
          0,
          0.86601591110229492,
          -0.50001627206802368,
          0,
          0,
          0.50001627206802368,
          0.86601591110229492,
          0,
          0,
          68.696624755859375,
          116.86872100830078,
          1
        ]
      }
    ]
  }
}